-.99999
.99999
-.99998
.99997
-.99996
.99995
-.99993
.99991
-.99989
.99987
-.99984
.99981
-.99978
.99975
-.99971
.99967
-.99963
.99958
-.99954
.99949
-.99944
.99938
-.99932
.99926
-.99920
.99914
-.99907
.99900
-.99893
.99885
-.99878
.99870
-.99861
.99853
-.99844
.99835
-.99826
.99816
-.99807
.99797
-.99786
.99776
-.99765
.99754
-.99743
.99731
-.99719
.99707
-.99695
.99683
-.99670
.99657
-.99643
.99630
-.99616
.99602
-.99588
.99573
-.99558
.99543
-.99528
.99512
-.99497
.99480
-.99464
.99448
-.99431
.99414
-.99396
.99379
-.99361
.99343
-.99324
.99306
-.99287
.99268
-.99248
.99229
-.99209
.99189
-.99169
.99148
-.99127
.99106
-.99085
.99063
-.99041
.99019
-.98997
.98974
-.98951
.98928
-.98905
.98881
-.98857
.98833
-.98809
.98784
-.98759
.98734

